6150 1 1 403 0.000722
6151 1 2 403 0.001939
6152 1 3 403 0.000308
6154 1 5 403 0.000162
6153 1 4 403 0.000571
6159 2 5 403 0.000117
6158 2 4 403 0.000678
6157 2 3 403 0.000382
6156 2 2 403 0.000202
6155 2 1 403 0.000312
6382 1 1 403 0.010632
6383 1 2 403 0.000323
6384 1 3 403 0.002378
6386 1 5 403 0.000725
6385 1 4 403 0.001452
6391 2 5 403 0.001781
6390 2 4 403 0.001599
6389 2 3 403 0.001114
6388 2 2 403 0.000150
6387 2 1 403 0.000277
7025 1 4 403 0.002309
7024 1 3 403 0.002652
7023 1 2 403 0.000501
7022 1 1 403 0.000568
7026 1 5 403 0.007687
7031 2 5 403 0.000349
7030 2 4 403 0.000826
7029 2 3 403 0.001182
7028 2 2 403 0.001921
7027 2 1 403 0.001787
